2022-05-03 01:37:30.248037
0.7272727272727272,0.48648648648648646,0.6153846153846154,0.37681159420289856,0.5526315789473684,0.5822784810126581,0.2903225806451613,0.10714285714285715,0.2,0.27692307692307694,0.36923076923076925,0.3384615384615385,0.3714285714285715,0.4057971014492754,0.5277777777777778,0.45070422535211263,0.35294117647058826,0.25806451612903225,0.2033898305084746
0.5063291139240507,0.6,0.48051948051948057,0.46357615894039733,0.4705882352941177,0.1875,0.050420168067226885,0.06666666666666667,0.3065693430656934,0.5375,0.18604651162790697,0.33093525179856115,0.6923076923076923,0.3724137931034483,0.22727272727272727,0.06666666666666667,0.22727272727272727,0.050420168067226885
0.40624999999999994,0.3185840707964602,0.375,0.5774647887323943,0.1509433962264151,0.0,0.06315789473684211,0.2905982905982906,0.22807017543859648,0.08,0.11320754716981132,0.6621621621621622,0.6258503401360545,0.421875,0.14545454545454545,0.0970873786407767,0.021276595744680854
0.421875,0.4925373134328358,0.6216216216216216,0.12844036697247707,0.038461538461538464,0.05769230769230769,0.48888888888888893,0.434108527131783,0.24137931034482765,0.5255474452554745,0.8160919540229884,0.6301369863013699,0.5571428571428572,0.3,0.2564102564102564,0.0196078431372549
0.17391304347826084,0.14492753623188404,0.0909090909090909,0.09230769230769231,0.0,0.273972602739726,0.19999999999999998,0.06153846153846154,0.12121212121212122,0.43373493975903615,0.2972972972972973,0.03125,0.031746031746031744,0.031746031746031744,0.0
0.26455026455026454,0.05369127516778524,0.031496062992125984,0.16774193548387095,0.30409356725146197,0.29714285714285715,0.25609756097560976,0.36464088397790057,0.49523809523809526,0.40952380952380957,0.29508196721311475,0.19480519480519481,0.2619047619047619,0.15584415584415584
0.12244897959183672,0.10309278350515463,0.16,0.4,0.2803738317757009,0.16,0.23076923076923078,0.49600000000000005,0.4426229508196721,0.4,0.16,0.08333333333333333,0.042553191489361694
0.5384615384615384,0.8712871287128713,0.9259259259259259,0.9541284403669724,0.9074074074074074,0.9454545454545454,0.8869565217391304,0.9122807017543859,0.8928571428571428,0.9272727272727272,0.9369369369369369,0.9056603773584905
0.08547008547008547,0.4113475177304965,0.4275862068965517,0.2878787878787879,0.5000000000000001,0.6198830409356725,0.4520547945205479,0.41666666666666663,0.17886178861788615,0.28571428571428575,0.0
0.07179487179487179,0.06217616580310882,0.0,0.08163265306122448,0.3022222222222222,0.14851485148514854,0.04166666666666667,0.020942408376963352,0.010695187165775402,0.04166666666666667
0.0,0.0125,0.11764705882352941,0.3195876288659794,0.17045454545454547,0.10714285714285715,0.0,0.012422360248447204,0.0
0.026666666666666665,0.026315789473684213,0.27272727272727276,0.15,0.07692307692307693,0.026666666666666665,0.026666666666666665,0.026666666666666665
0.10126582278481014,0.52,0.29213483146067415,0.14814814814814814,0.0,0.10126582278481014,0.0
0.3214285714285714,0.224390243902439,0.20689655172413796,0.023255813953488372,0.03614457831325301,0.0
0.031088082901554404,0.03092783505154639,0.020833333333333332,0.05128205128205127,0.0
0.08839779005524862,0.022857142857142854,0.022988505747126436,0.0
0.014705882352941178,0.0,0.0
0.012903225806451613,0.0
0.1694915254237288
2022-07-10 20:44:35.299735
learning rate: 0.0003; prototype update: replace; use augment: None; metric: dot;
0.2340425531914894,0,0,0,0,0,0,0,0,0,0,0,0,0.02247191011235955,0,0,0,0,0
0.5852417302798982,0,0,0,0,0,0,0,0,0,0,0,0,0,0,0,0,0
0.1553398058252427,0,0,0,0,0,0,0,0,0,0,0,0,0,0,0,0
0.04891304347826087,0,0,0,0,0,0,0,0,0,0,0,0,0,0,0
0,0,0,0,0,0,0,0,0,0,0,0,0,0,0
0.08917197452229299,0,0,0,0,0.008403361344537816,0.013793103448275862,0.013605442176870748,0.010526315789473686,0.009852216748768473,0,0,0,0
0.5152838427947598,0.17094017094017092,0.10810810810810811,0.027894002789400282,0,0,0,0,0,0,0,0,0
0.6915887850467289,0.05970149253731343,0.016997167138810197,0.03529411764705883,0,0,0.04477611940298507,0,0,0,0,0
0.12280701754385964,0.00819672131147541,0,0,0,0,0,0,0,0,0
0,0,0,0,0,0,0,0,0,0
0.6832740213523131,0,0,0.099009900990099,0.05181347150259067,0,0,0,0
0.15384615384615385,0.08421052631578947,0.16216216216216217,0.14545454545454545,0,0,0,0
0.11382113821138214,0.09333333333333332,0.05555555555555556,0,0,0,0
0.11072664359861592,0.2105263157894737,0.027397260273972608,0.02877697841726619,0.013667425968109341,0
0.043478260869565216,0,0,0,0
0.4896551724137931,0.37894736842105264,0,0
0.336734693877551,0.026578073089700997,0
0.5048543689320388,0.17872340425531916
0.7154471544715448
2022-07-11 15:29:36.531191
learning rate: 0.0003; prototype update: mean; use augment: None; metric: dot;
,,,,,,,,,,,,,,,,,,0.46715328467153283,0,0,0,0,0.0125,0,0,0,0,0,0,0,0,0,0,0,0,0
,,,,,,,,,,,,,,,,,,0,0,0,0,0,0,0,0,0,0,0,0,0,0,0,0,0,0
,,,,,,,,,,,,,,,,,,0.45849802371541504,0.07142857142857144,0.013513513513513514,0,0,0,0,0,0,0,0,0,0,0,0,0,0
,,,,,,,,,,,,,,,,,,0.808080808080808,0.15789473684210525,0,0,0,0,0,0,0,0,0,0,0,0,0,0
,,,,,,,,,,,,,,,,,,0,0,0,0,0,0,0,0,0,0,0,0,0,0,0
,,,,,,,,,,,,,,,,,,0.0742857142857143,0,0,0,0,0,0,0,0,0,0,0,0,0
,,,,,,,,,,,,,,,,,,0.007246376811594202,0.056603773584905655,0,0,0,0,0,0,0,0,0,0,0
,,,,,,,,,,,,,,,,,,0.7833333333333332,0.08800000000000001,0.5531914893617021,0.24680851063829787,0.24786324786324784,0.2723404255319149,0,0,0,0,0,0
,,,,,,,,,,,,,,,,,,0.10638297872340427,0,0,0,0,0,0,0,0,0,0
,,,,,,,,,,,,,,,,,,0.07643312101910829,0.05509641873278238,0.148471615720524,0.1556064073226545,0,0,0,0,0,0
,,,,,,,,,,,,,,,,,,0,0,0,0,0,0,0,0,0
,,,,,,,,,,,,,,,,,,0,0,0,0,0,0,0,0
,,,,,,,,,,,,,,,,,,0,0,0,0,0,0,0
,,,,,,,,,,,,,,,,,,0.1772151898734177,0.2551440329218107,0.088,0.13148788927335642,0.020293122886133032,0
,,,,,,,,,,,,,,,,,,0,0.08695652173913042,0.0755813953488372,0.017214397496087636,0
,,,,,,,,,,,,,,,,,,0,0,0.05617977528089887,0
,,,,,,,,,,,,,,,,,,0,0.04539722572509458,0
,,,,,,,,,,,,,,,,,,0,0
,,,,,,,,,,,,,,,,,,0.45945945945945943
2022-07-11 17:14:17.601205
learning rate: 0.0003; prototype update: SDC; use augment: None; metric: dot;
,,,,,,,,,,,,,,,,,,0.48739495798319327,0.5238095238095238,0.4943820224719101,0.46808510638297873,0.2962962962962963,0.24,0.4285714285714286,0.5227272727272728,0.3092783505154639,0.021978021978021976,0,0,0.029850746268656716,0,0,0,0,0,0
,,,,,,,,,,,,,,,,,,0.8067796610169491,0.3333333333333333,0.28292682926829266,0.1091954022988506,0.007575757575757576,0.009756097560975608,0,0,0,0,0,0,0,0,0,0,0,0
,,,,,,,,,,,,,,,,,,0.6179775280898875,0.40935672514619886,0.008403361344537815,0.06091370558375635,0.023255813953488372,0,0,0,0,0,0,0,0,0,0,0,0
,,,,,,,,,,,,,,,,,,0.7638190954773868,0.1408450704225352,0.22346368715083798,0.024096385542168672,0.01680672268907563,0,0,0,0,0,0,0,0,0,0,0
,,,,,,,,,,,,,,,,,,0.358974358974359,0.0522875816993464,0,0,0,0,0,0,0,0,0,0,0,0,0
,,,,,,,,,,,,,,,,,,0.45985401459854014,0.08743169398907105,0,0,0,0,0,0,0,0,0,0,0,0
,,,,,,,,,,,,,,,,,,0.6666666666666667,0.13445378151260504,0.17073170731707318,0,0,0,0,0,0,0,0,0,0
,,,,,,,,,,,,,,,,,,0.7244094488188977,0.6875,0.5694444444444444,0.38974358974358975,0.38974358974358975,0.5263157894736842,0.24074074074074076,0.015384615384615385,0,0,0,0
,,,,,,,,,,,,,,,,,,0.4093567251461988,0.3516483516483517,0,0,0,0,0,0,0,0,0
,,,,,,,,,,,,,,,,,,0.411214953271028,0,0,0,0,0,0,0,0,0
,,,,,,,,,,,,,,,,,,0.657243816254417,0.6548042704626335,0.33695652173913043,0.005917159763313609,0,0,0,0,0
,,,,,,,,,,,,,,,,,,0,0,0,0,0,0,0,0
,,,,,,,,,,,,,,,,,,0.23076923076923078,0,0,0,0,0,0
,,,,,,,,,,,,,,,,,,0.23556581986143185,0,0,0,0,0
,,,,,,,,,,,,,,,,,,0.4219653179190751,0.0064516129032258064,0,0,0
,,,,,,,,,,,,,,,,,,0.6420454545454546,0,0,0
,,,,,,,,,,,,,,,,,,0.609442060085837,0.07407407407407408,0
,,,,,,,,,,,,,,,,,,0.5945945945945946,0.152046783625731
,,,,,,,,,,,,,,,,,,0.5476190476190477
