2022-05-03 01:37:30.247731
0.9142857142857143,0.8571428571428571,0.96,0.8125,0.9130434782608695,0.8846153846153846,1.0,1.0,0.8571428571428571,0.75,1.0,0.9166666666666666,0.7647058823529411,0.875,1.0,0.8888888888888888,0.8,0.8888888888888888,1.0
0.9523809523809523,0.9444444444444444,0.9736842105263158,1.0,0.972972972972973,1.0,1.0,1.0,1.0,0.9772727272727273,0.9230769230769231,1.0,0.9545454545454546,0.9310344827586207,0.9375,1.0,0.9375,1.0
0.7027027027027027,0.9,0.7272727272727273,0.8367346938775511,0.6153846153846154,0.0,1.0,0.7083333333333334,0.65,0.4444444444444444,0.5454545454545454,0.8596491228070176,0.8846153846153846,0.7105263157894737,0.5714285714285714,0.7142857142857143,1.0
1.0,1.0,0.9787234042553191,0.875,0.6666666666666666,1.0,0.9705882352941176,0.9655172413793104,0.9333333333333333,1.0,0.9726027397260274,1.0,1.0,0.9473684210526315,0.9375,1.0
0.8571428571428571,0.7142857142857143,0.75,1.0,0,0.9090909090909091,0.875,0.6666666666666666,1.0,0.8571428571428571,0.9166666666666666,0.5,1.0,1.0,0
0.3787878787878788,0.15384615384615385,0.4,0.40625,0.5416666666666666,0.5,0.5,0.5689655172413793,0.5909090909090909,0.4942528735632184,0.4426229508196721,0.45454545454545453,0.4782608695652174,0.375
1.0,1.0,1.0,1.0,1.0,1.0,1.0,0.9393939393939394,0.9,1.0,1.0,1.0,1.0
1.0,1.0,0.9803921568627451,1.0,0.9607843137254902,0.9811320754716981,0.8793103448275862,0.9122807017543859,0.9090909090909091,0.9622641509433962,0.9629629629629629,0.9795918367346939
1.0,1.0,0.9393939393939394,0.95,0.95,0.8983050847457628,0.9705882352941176,0.9375,1.0,0.9047619047619048,0
0.875,1.0,0,0.8888888888888888,0.918918918918919,0.9375,0.6666666666666666,0.6666666666666666,1.0,1.0
0,1.0,1.0,0.9117647058823529,0.8823529411764706,1.0,0,1.0,0
1.0,0.5,0.8571428571428571,1.0,0.75,1.0,1.0,1.0
1.0,1.0,0.9285714285714286,1.0,0,1.0,0
0.36,0.27710843373493976,0.2692307692307692,0.04,0.075,0.0
1.0,0.75,1.0,1.0,0
1.0,1.0,1.0,0
1.0,0,0
1.0,0
1.0
2022-07-10 20:44:35.277510
learning rate: 0.0003; prototype update: replace; use augment: None; metric: dot;
0.16417910447761194,0.0,0.0,0.0,0.0,0.0,0.0,0.0,0.0,0.0,0.0,0.0,0.0,0.02857142857142857,0.0,0.0,0.0,0.0,0.0
0.49783549783549785,0.0,0.0,0.0,0.0,0.0,0.0,0.0,0.0,0.0,0.0,0.0,0.0,0.0,0.0,0.0,0.0,0.0
0.5333333333333333,0.0,0.0,0.0,0.0,0.0,0.0,0.0,0.0,0.0,0.0,0.0,0.0,0.0,0.0,0.0,0.0
0.034482758620689655,0.0,0.0,0.0,0.0,0.0,0.0,0.0,0.0,0.0,0.0,0.0,0.0,0.0,0.0,0.0
0.0,0.0,0.0,0.0,0.0,0.0,0.0,0.0,0.0,0.0,0.0,0.0,0.0,0.0,0.0
0.19444444444444445,0.0,0.0,0.0,0.0,0.008620689655172414,0.043478260869565216,0.038461538461538464,0.014705882352941176,0.012345679012345678,0.0,0.0,0.0,0.0
0.4609375,0.6666666666666666,0.6666666666666666,0.016260162601626018,0.0,0.0,0.0,0.0,0.0,0.0,0.0,0.0,0.0
0.8604651162790697,0.6666666666666666,0.010380622837370242,0.02830188679245283,0.0,0.0,0.04285714285714286,0.0,0.0,0.0,0.0,0.0
0.7,0.004777070063694267,0.0,0.0,0.0,0.0,0.0,0.0,0.0,0.0,0.0
0.0,0.0,0.0,0.0,0.0,0.0,0.0,0.0,0.0,0.0
0.676056338028169,0.0,0.0,0.16129032258064516,0.09433962264150944,0.0,0.0,0.0,0.0
0.5,0.2222222222222222,0.2647058823529412,0.24242424242424243,0.0,0.0,0.0,0.0
0.21875,0.1206896551724138,0.07547169811320754,0.0,0.0,0.0,0.0
0.11940298507462686,0.22727272727272727,0.028985507246376812,0.03305785123966942,0.01060070671378092,0.0
0.22727272727272727,0.0,0.0,0.0,0.0
0.6698113207547169,0.5346534653465347,0.0,0.0
0.4925373134328358,0.023391812865497075,0.0
0.4046692607003891,0.2625
0.6285714285714286
2022-07-11 15:29:36.530776
learning rate: 0.0003; prototype update: mean; use augment: None; metric: dot;
,0.3855421686746988,0.0,0.0,0.0,0.0,0.009433962264150943,0.0,0.0,0.0,0.0,0.0,0.0,0.0,0.0,0.0,0.0,0.0,0.0,0
,0.0,0.0,0.0,0.0,0.0,0.0,0.0,0.0,0.0,0.0,0.0,0.0,0.0,0.0,0.0,0.0,0.0,0
,,0.36024844720496896,0.16666666666666666,0.01694915254237288,0.0,0.0,0.0,0.0,0.0,0.0,0.0,0.0,0.0,0.0,0.0,0.0,0.0,0
,,,0.8888888888888888,0.15,0.0,0.0,0.0,0.0,0.0,0.0,0.0,0.0,0.0,0.0,0.0,0.0,0.0,0.0
,,,,0.0,0.0,0.0,0.0,0.0,0.0,0.0,0.0,0.0,0.0,0.0,0.0,0.0,0.0,0.0
,,,,,0.056768558951965066,0.0,0.0,0.0,0.0,0.0,0.0,0.0,0.0,0.0,0.0,0.0,0.0,0.0
,,,,,,0.005714285714285714,0.75,0.0,0.0,0.0,0.0,0.0,0.0,0.0,0.0,0.0,0.0,0.0
,,,,,,,0.8392857142857143,0.05913978494623656,0.8666666666666667,0.1695906432748538,0.17058823529411765,0.1871345029239766,0.0,0.0,0.0,0.0,0.0,0.0
,,,,,,,,0.06830601092896176,0.0,0.0,0.0,0.0,0.0,0.0,0.0,0.0,0.0,0
,,,,,,,,,0.46153846153846156,0.04608294930875576,0.10897435897435898,0.11683848797250859,0.0,0.0,0.0,0.0,0.0,0.0
,,,,,,,,,,0.0,0.0,0.0,0.0,0.0,0.0,0.0,0.0,0
,,,,,,,,,,,0.0,0.0,0.0,0.0,0.0,0.0,0.0,0.0
,,,,,,,,,,,,0.0,0.0,0.0,0.0,0.0,0.0,0
,,,,,,,,,,,,,0.2692307692307692,0.36904761904761907,0.06376811594202898,0.14393939393939395,0.012362637362637362,0.0
,,,,,,,,,,,,,,0.0,0.07165109034267912,0.09558823529411764,0.010280373831775701,0
,,,,,,,,,,,,,,,0.0,0.0,0.033936651583710405,0.0
,,,,,,,,,,,,,,,,0.0,0.02710843373493976,0
,,,,,,,,,,,,,,,,,0.0,0.0
,,,,,,,,,,,,,,,,,,0.8095238095238095
2022-07-11 17:14:17.600343
learning rate: 0.0003; prototype update: SDC; use augment: None; metric: dot;
,0.4461538461538462,0.7333333333333333,0.6285714285714286,0.55,0.24691358024691357,0.2112676056338028,0.4772727272727273,0.6764705882352942,0.3488372093023256,0.02702702702702703,0.0,0.0,0.07692307692307693,0.0,0.0,0.0,0.0,0.0,0.0
,0.8947368421052632,0.6166666666666667,0.6744186046511628,0.10215053763440861,0.00980392156862745,0.023255813953488372,0.0,0.0,0.0,0.0,0.0,0.0,0.0,0.0,0.0,0.0,0.0,0.0
,,0.6043956043956044,0.4268292682926829,0.006711409395973154,0.05405405405405406,0.024390243902439025,0.0,0.0,0.0,0.0,0.0,0.0,0.0,0.0,0.0,0.0,0.0,0.0
,,,0.8351648351648352,0.11363636363636363,0.28169014084507044,0.034482758620689655,0.08333333333333333,0.0,0.0,0.0,0.0,0.0,0.0,0.0,0.0,0.0,0.0,0.0
,,,,0.25149700598802394,0.046511627906976744,0.0,0.0,0.0,0.0,0.0,0.0,0.0,0.0,0.0,0.0,0.0,0.0,0.0
,,,,,0.4117647058823529,0.13114754098360656,0.0,0.0,0.0,0.0,0.0,0.0,0.0,0.0,0.0,0.0,0.0,0.0
,,,,,,0.6767676767676768,0.47058823529411764,0.2222222222222222,0.0,0.0,0.0,0.0,0.0,0.0,0.0,0.0,0.0,0.0
,,,,,,,0.7301587301587301,0.6875,0.5125,0.2900763358778626,0.2900763358778626,0.6,0.17105263157894737,0.015151515151515152,0.0,0.0,0.0,0.0
,,,,,,,,0.5223880597014925,0.41025641025641024,0.0,0.0,0.0,0.0,0.0,0.0,0.0,0.0,0.0
,,,,,,,,,0.6470588235294118,0.0,0.0,0.0,0.0,0.0,0.0,0.0,0.0,0.0
,,,,,,,,,,0.6503496503496503,0.647887323943662,0.7045454545454546,0.005050505050505051,0.0,0.0,0.0,0.0,0.0
,,,,,,,,,,,0.0,0.0,0.0,0.0,0.0,0.0,0.0,0.0
,,,,,,,,,,,,0.39473684210526316,0.0,0.0,0.0,0.0,0.0,0.0
,,,,,,,,,,,,,0.18345323741007194,0.0,0.0,0.0,0.0,0.0
,,,,,,,,,,,,,,0.5289855072463768,0.00980392156862745,0.0,0.0,0.0
,,,,,,,,,,,,,,,0.6726190476190477,0.0,0.0,0.0
,,,,,,,,,,,,,,,,0.6826923076923077,0.09195402298850575,0.0
,,,,,,,,,,,,,,,,,0.5561797752808989,0.7647058823529411
,,,,,,,,,,,,,,,,,,0.7419354838709677
