2022-05-03 15:21:08.845976
0.7272727272727272,0.5378151260504201,0.3872832369942197,0.30248306997742663,0.27490039840637454,0.238390092879257,0.3290246768507638,0.23515439429928742,0.2168421052631579,0.16943231441048034,0.23434045689019897,0.25156358582348853,0.1213832039520113,0.21640903686087992,0.20425090720580613,0.1693746922698178,0.16513761467889906,0.16033755274261605,0.1299029945170814
0.5655737704918032,0.3105590062111801,0.2889908256880734,0.26900584795321636,0.23458646616541357,0.3067484662576687,0.2624113475177305,0.2094017094017094,0.18914185639229422,0.22122571001494767,0.22363765038924274,0.09071274298056155,0.1908763505402161,0.19481206987824246,0.17156626506024095,0.1655235482395976,0.17057569296375266,0.14566764336542484
0.35714285714285715,0.2935779816513761,0.31739961759082214,0.22023809523809526,0.32722832722832723,0.24431137724550897,0.22693531283138915,0.20815264527320035,0.23538230884557723,0.2259414225941423,0.08914450035945365,0.19019492025989365,0.208398133748056,0.17829457364341084,0.1556997219647822,0.16858237547892718,0.13732097725358045
0.33109619686800895,0.26156941649899396,0.24848484848484848,0.38424821002386633,0.2391304347826087,0.20408163265306123,0.18466898954703834,0.24379562043795622,0.22001419446415899,0.11557434813248767,0.2158956109134045,0.20418848167539266,0.17839922854387658,0.16537937301226716,0.15208156329651656,0.15531561461794022
0.29514563106796116,0.19999999999999998,0.3192019950124688,0.2615933412604043,0.2191780821917808,0.1767857142857143,0.2359970126960418,0.23372988103568929,0.11119030648610122,0.21507890122735243,0.19007832898172325,0.15331695331695333,0.18388711879836142,0.17637130801687764,0.1413457469318663
0.21638330757341576,0.32273838630806845,0.23781212841854935,0.22827225130890053,0.1780466724286949,0.22238586156111928,0.21453775582215948,0.09906676238334529,0.19173157579388853,0.21768707482993196,0.17652764306498545,0.1675774134790528,0.15233204963628583,0.1407035175879397
0.342989571263036,0.2405832320777643,0.22645502645502646,0.13812154696132597,0.22882615156017833,0.22130013831258646,0.11864406779661017,0.21470245040840139,0.18926103136629452,0.188715953307393,0.16910420475319926,0.154233025984912,0.134233853946813
0.27667057444314186,0.22703818369453044,0.18360071301247768,0.23847841989758597,0.23455056179775283,0.12044817927170869,0.2165680473372781,0.21979166666666664,0.17324350336862365,0.16858590511285124,0.1598984771573604,0.14758909853249477
0.23858921161825725,0.19591141396933565,0.24064563462949376,0.21908127208480566,0.12413793103448276,0.20555227406969878,0.21978021978021978,0.168862859931674,0.15915363385464582,0.14843414843414846,0.1420168067226891
0.18914185639229422,0.23827252419955328,0.2110481586402266,0.0972818311874106,0.19607843137254902,0.22082018927444796,0.1736613603473227,0.16659080564406006,0.15719777872703972,0.15745393634840874
0.24907885040530583,0.23661971830985917,0.10035842293906809,0.18863503222026948,0.23343527013251786,0.16821515892420535,0.16406966086159486,0.15883859948761742,0.13592233009708737
0.21797593772116064,0.11283497884344146,0.19412822049131218,0.20932642487046632,0.18366360560657324,0.16508795669824086,0.15780445969125215,0.1463822668339607
0.11181882519462137,0.19705014749262537,0.21613236814891415,0.17226277372262772,0.1597444089456869,0.15160599571734476,0.1584241408214585
0.1903628792385485,0.2118380062305296,0.1728515625,0.1733212341197822,0.16016949152542373,0.15626291856138902
0.2198952879581152,0.1647866601275135,0.17977528089887643,0.16934801016088058,0.12340425531914896
0.1709819247679531,0.1686526122823098,0.1680743243243243,0.1511482254697286
0.16941391941391942,0.14776632302405499,0.14124529878813208
0.15457277801631603,0.144
0.14291684078562475
