2022-05-03 15:21:08.845585
0.9142857142857143,0.927536231884058,0.8375,0.881578947368421,0.9452054794520548,0.8369565217391305,0.6862745098039216,0.717391304347826,0.762962962962963,0.6783216783216783,0.8195876288659794,0.900497512437811,0.8269230769230769,0.7777777777777778,0.6769759450171822,0.7853881278538812,0.7758620689655172,0.7089552238805971,0.7230046948356808
0.92,0.8620689655172413,0.9130434782608695,0.8313253012048193,0.7090909090909091,0.7440476190476191,0.7762237762237763,0.8166666666666667,0.7769784172661871,0.8457142857142858,0.9028571428571428,0.8289473684210527,0.7327188940092166,0.7330677290836654,0.6742424242424242,0.7605042016806722,0.823045267489712,0.75
0.8571428571428571,0.9142857142857143,0.9021739130434783,0.6166666666666667,0.7790697674418605,0.7727272727272727,0.8359375,0.8,0.9181286549707602,0.826530612244898,0.775,0.6571428571428571,0.6931034482758621,0.7272727272727273,0.7962085308056872,0.8016194331983806,0.7546296296296297
0.9367088607594937,0.9420289855072463,0.7735849056603774,0.8256410256410256,0.792,0.6097560975609756,0.7310344827586207,0.8067632850241546,0.9064327485380117,0.7735849056603774,0.7679324894514767,0.7169117647058824,0.7034220532319392,0.7193675889328063,0.7131474103585658,0.7450199203187251
0.8941176470588236,0.6632653061224489,0.810126582278481,0.7971014492753623,0.7761194029850746,0.8389830508474576,0.8876404494382022,0.8743455497382199,0.8571428571428571,0.6996197718631179,0.6546762589928058,0.7027027027027027,0.8112449799196787,0.7827715355805244,0.8106796116504854
0.7526881720430108,0.7719298245614035,0.7194244604316546,0.7785714285714286,0.673202614379085,0.7704081632653061,0.8491620111731844,0.8518518518518519,0.7239819004524887,0.7619047619047619,0.728,0.7449392712550608,0.7574468085106383,0.7272727272727273
0.6820276497695853,0.8114754098360656,0.8294573643410853,0.8823529411764706,0.8461538461538461,0.7655502392344498,0.8,0.6943396226415094,0.7325102880658436,0.7918367346938775,0.7708333333333334,0.6456140350877193,0.7535545023696683
0.7919463087248322,0.7189542483660131,0.8583333333333333,0.8029556650246306,0.893048128342246,0.7413793103448276,0.7593360995850622,0.7508896797153025,0.6766917293233082,0.8133333333333334,0.7269230769230769,0.7719298245614035
0.7718120805369127,0.672514619883041,0.82,0.8757062146892656,0.6474820143884892,0.7073170731707317,0.7720588235294118,0.729957805907173,0.762114537444934,0.762114537444934,0.7612612612612613
0.782608695652174,0.8938547486033519,0.8514285714285714,0.8,0.7051282051282052,0.7894736842105263,0.6896551724137931,0.7349397590361446,0.773109243697479,0.8173913043478261
0.8711340206185567,0.9230769230769231,0.8433734939759037,0.6216216216216216,0.7067901234567902,0.7350427350427351,0.7649572649572649,0.7815126050420168,0.755868544600939
0.8700564971751412,0.7547169811320755,0.7397260273972602,0.6941580756013745,0.7335907335907336,0.6802973977695167,0.7863247863247863,0.7478632478632479
0.79,0.6733870967741935,0.7013422818791947,0.7283950617283951,0.7172131147540983,0.759656652360515,0.8253275109170306
0.6896551724137931,0.7132867132867133,0.7468354430379747,0.7490196078431373,0.73828125,0.7241379310344828
0.7692307692307693,0.7272727272727273,0.7246376811594203,0.7722007722007722,0.7474226804123711
0.7446808510638298,0.7829787234042553,0.7481203007518797,0.7637130801687764
0.7872340425531915,0.7577092511013216,0.7161016949152542
0.7929515418502202,0.7808219178082192
0.7245762711864406
