2022-07-10 17:58:03.186450
learning rate: 0.005; prototype update: SDC; use augment: None; metric: dot;
0.6612007405448294,0.4853574504737295,0.29406180782617863,0.06948816602541681,0,0,0,0
0.8674756891424897,0.8199131829025067,0.7689657872073906,0.05361433087460485,0,0,0
0.32343399051659594,0.1401326021118114,0.025272025272025274,0,0,0
0.5183499851617371,0.06295688497687603,0.0037824007119813103,0.0009358914365933552,0
0.6928898355009743,0.3243019180766477,0.18121558229655316,0.03186646433990895
0.32345654543652763,0.14798206278026904,0.02133053588600402
0.00265357569324665,0.14319226799286855
0.08020304568527918
