2022-07-10 17:58:03.186068
learning rate: 0.005; prototype update: SDC; use augment: None; metric: dot;
0.6544502617801047,0.40641904075009017,0.2428994598362084,0.06163391933815925,0.0,0.0,0.0,0.0
0.8434789403766508,0.77755525886367,0.7298803596641154,0.054657958061189414,0.0,0.0,0.0
0.23832291283560134,0.10247815156231294,0.023062139654067906,0.0,0.0,0.0
0.4451240231056745,0.04595448110639225,0.0024718284260268992,0.0006977555529712757,0.0
0.6670447604921037,0.2701023162387797,0.19731290250943814,0.05935251798561151
0.2526511339886988,0.129478575116159,0.02921455938697318
0.0021072595090085343,0.150374458021285
0.07693972513797208
