2022-07-12 23:53:38.877318
learning rate: 2e-05; prototype update: SDC; use augment: None; metric: dot;
NaN,NaN,NaN,NaN,NaN,NaN,NaN,NaN,NaN,NaN,NaN,NaN,NaN,NaN,NaN,NaN,NaN,NaN,0.009009009009009009,0.0375,0.009685230024213076,0.020408163265306124,0.03294117647058824,0.005494505494505494,0,0.01680672268907563,0.006600660066006599,0.03852889667250437,0,0,0.006430868167202572,0.08108108108108109,0,0.006688963210702341,0,0,0
NaN,NaN,NaN,NaN,NaN,NaN,NaN,NaN,NaN,NaN,NaN,NaN,NaN,NaN,NaN,NaN,NaN,NaN,0.02373887240356083,0.01579778830963665,0.05459057071960298,0.012893982808022923,0.005454545454545454,0.01275239107332625,0,0.004592422502870264,0.015037593984962405,0.004270462633451957,0.00427578834847675,0.028680688336520075,0,0.0021175224986765486,0.010192525481313703,0.001936108422071636,0,0
NaN,NaN,NaN,NaN,NaN,NaN,NaN,NaN,NaN,NaN,NaN,NaN,NaN,NaN,NaN,NaN,NaN,NaN,0.0485981308411215,0.010526315789473684,0,0.004098360655737704,0.10702341137123746,0.011494252873563218,0,0,0.007366482504604053,0.005134788189987163,0.05473684210526317,0.025974025974025976,0.007380073800738007,0,0,0.005167958656330749,0.01615508885298869
NaN,NaN,NaN,NaN,NaN,NaN,NaN,NaN,NaN,NaN,NaN,NaN,NaN,NaN,NaN,NaN,NaN,NaN,0.06741573033707865,0.021052631578947368,0.0215311004784689,0,0,0.003577817531305903,0.008403361344537815,0.005044136191677175,0.001796945193171608,0.009708737864077669,0,0,0,0,0.0017331022530329288,0
NaN,NaN,NaN,NaN,NaN,NaN,NaN,NaN,NaN,NaN,NaN,NaN,NaN,NaN,NaN,NaN,NaN,NaN,0.020442930153321975,0.025039123630672924,0,0,0,0,0,0.0074074074074074086,0,0.017777777777777778,0.009248554913294797,0.007537688442211056,0,0.002296211251435132,0
NaN,NaN,NaN,NaN,NaN,NaN,NaN,NaN,NaN,NaN,NaN,NaN,NaN,NaN,NaN,NaN,NaN,NaN,0.014814814814814814,0.0028208744710860366,0,0.00303030303030303,0.033807829181494664,0.012917115177610334,0.0015515903801396431,0,0.006825938566552901,0.003157063930544594,0.004615384615384615,0,0,0
NaN,NaN,NaN,NaN,NaN,NaN,NaN,NaN,NaN,NaN,NaN,NaN,NaN,NaN,NaN,NaN,NaN,NaN,0.007707129094412331,0.008032128514056224,0,0.026078234704112333,0,0,0.01579778830963665,0.0036036036036036032,0.00505050505050505,0,0.0065040650406504065,0.0051325919589392645,0.018518518518518517
NaN,NaN,NaN,NaN,NaN,NaN,NaN,NaN,NaN,NaN,NaN,NaN,NaN,NaN,NaN,NaN,NaN,NaN,0,0,0,0,0.0031695721077654514,0,0,0.005673758865248227,0,0,0.014084507042253521,0
NaN,NaN,NaN,NaN,NaN,NaN,NaN,NaN,NaN,NaN,NaN,NaN,NaN,NaN,NaN,NaN,NaN,NaN,0.05778491171749598,0,0.03138075313807531,0,0.0027739251040221915,0,0.004366812227074236,0.006158583525789069,0.005215123859191656,0.001451378809869376,0
NaN,NaN,NaN,NaN,NaN,NaN,NaN,NaN,NaN,NaN,NaN,NaN,NaN,NaN,NaN,NaN,NaN,NaN,0.0016273393002441008,0.02346041055718475,0.008426966292134831,0,0.033136094674556214,0.016563146997929604,0.0014652014652014652,0.014925373134328356,0.015277777777777779,0
NaN,NaN,NaN,NaN,NaN,NaN,NaN,NaN,NaN,NaN,NaN,NaN,NaN,NaN,NaN,NaN,NaN,NaN,0.012591815320041973,0.005776173285198556,0.002512562814070352,0.009840098400984008,0.021459227467811162,0,0,0,0.003490401396160558
NaN,NaN,NaN,NaN,NaN,NaN,NaN,NaN,NaN,NaN,NaN,NaN,NaN,NaN,NaN,NaN,NaN,NaN,0,0.02,0,0.004587155963302752,0,0.008752735229759301,0,0
NaN,NaN,NaN,NaN,NaN,NaN,NaN,NaN,NaN,NaN,NaN,NaN,NaN,NaN,NaN,NaN,NaN,NaN,0,0,0.01092896174863388,0,0,0.002152852529601722,0.005722460658082975
NaN,NaN,NaN,NaN,NaN,NaN,NaN,NaN,NaN,NaN,NaN,NaN,NaN,NaN,NaN,NaN,NaN,NaN,0.0023894862604540022,0,0.004140786749482402,0.006741573033707865,0.0040349697377269666,0
NaN,NaN,NaN,NaN,NaN,NaN,NaN,NaN,NaN,NaN,NaN,NaN,NaN,NaN,NaN,NaN,NaN,NaN,0.008506113769271665,0.021390374331550804,0.0016708437761069341,0.003112033195020747,0.0012970168612191958
NaN,NaN,NaN,NaN,NaN,NaN,NaN,NaN,NaN,NaN,NaN,NaN,NaN,NaN,NaN,NaN,NaN,NaN,0,0.012422360248447202,0.0011337868480725624,0.032944406314344546
NaN,NaN,NaN,NaN,NaN,NaN,NaN,NaN,NaN,NaN,NaN,NaN,NaN,NaN,NaN,NaN,NaN,NaN,0.0029498525073746312,0,0
NaN,NaN,NaN,NaN,NaN,NaN,NaN,NaN,NaN,NaN,NaN,NaN,NaN,NaN,NaN,NaN,NaN,NaN,0,0
NaN,NaN,NaN,NaN,NaN,NaN,NaN,NaN,NaN,NaN,NaN,NaN,NaN,NaN,NaN,NaN,NaN,NaN,0
