2022-07-12 23:53:38.876934
learning rate: 2e-05; prototype update: SDC; use augment: None; metric: dot;
0.005952380952380952,0.022556390977443608,0.005571030640668524,0.0125,0.018867924528301886,0.0032258064516129032,0.0,0.015384615384615385,0.004016064257028112,0.02127659574468085,0.0,0.0,0.0038910505836575876,0.04746835443037975,0.0,0.003676470588235294,0.0,0.0,0.0
NaN,0.014134275618374558,0.009057971014492754,0.034161490683229816,0.007293354943273906,0.0031982942430703624,0.007702182284980745,0.0,0.0028208744710860366,0.008368200836820083,0.002413515687851971,0.0023405500292568754,0.01694915254237288,0.0,0.0011580775911986102,0.005610972568578554,0.001148105625717566,0.0,0.0
NaN,NaN,0.029017857142857144,0.00684931506849315,0.0,0.0025188916876574307,0.07655502392344497,0.011627906976744186,0.0,0.0,0.004415011037527594,0.002911208151382824,0.03359173126614987,0.017064846416382253,0.004172461752433936,0.0,0.0,0.00291970802919708,0.00946969696969697
NaN,NaN,NaN,0.04215456674473068,0.012048192771084338,0.012345679012345678,0.0,0.0,0.0022123893805309734,0.004739336492890996,0.00291970802919708,0.0009940357852882703,0.0058823529411764705,0.0,0.0,0.0,0.0,0.0009551098376313276,0.0
NaN,NaN,NaN,NaN,0.011538461538461539,0.013986013986013986,0.0,0.0,0.0,0.0,0.0,0.004037685060565276,0.0,0.010443864229765013,0.005012531328320802,0.00411522633744856,0.0,0.0012437810945273632,0.0
NaN,NaN,NaN,NaN,NaN,0.008708272859216255,0.0017035775127768314,0.0,0.0018484288354898336,0.018924302788844622,0.007434944237918215,0.000856898029134533,0.0,0.003963011889035667,0.0017467248908296944,0.002542372881355932,0.0,0.0,0.0
NaN,NaN,NaN,NaN,NaN,NaN,0.004796163069544364,0.006802721088435374,0.0,0.01452513966480447,0.0,0.0,0.009416195856873822,0.002207505518763797,0.0027624309392265192,0.0,0.003898635477582846,0.0028116213683223993,0.010344827586206896
NaN,NaN,NaN,NaN,NaN,NaN,NaN,0.0,0.0,0.0,0.0,0.001763668430335097,0.0,0.0,0.0031201248049922,0.0,0.0,0.007739938080495356,0.0
NaN,NaN,NaN,NaN,NaN,NaN,NaN,NaN,0.03468208092485549,0.0,0.017605633802816902,0.0,0.0016207455429497568,0.0,0.002362204724409449,0.0033472803347280333,0.0030165912518853697,0.0007849293563579278,0.0
NaN,NaN,NaN,NaN,NaN,NaN,NaN,NaN,NaN,0.0009225092250922509,0.013683010262257697,0.004694835680751174,0.0,0.02,0.009195402298850575,0.000819672131147541,0.00911854103343465,0.008487654320987654,0.0
NaN,NaN,NaN,NaN,NaN,NaN,NaN,NaN,NaN,NaN,0.007380073800738007,0.00321285140562249,0.001524390243902439,0.005943536404160475,0.01192368839427663,0.0,0.0,0.0,0.0019880715705765406
NaN,NaN,NaN,NaN,NaN,NaN,NaN,NaN,NaN,NaN,NaN,0.0,0.01182033096926714,0.0,0.002512562814070352,0.0,0.005263157894736842,0.0,0.0
NaN,NaN,NaN,NaN,NaN,NaN,NaN,NaN,NaN,NaN,NaN,NaN,0.0,0.0,0.006075334143377886,0.0,0.0,0.0011933174224343676,0.003289473684210526
NaN,NaN,NaN,NaN,NaN,NaN,NaN,NaN,NaN,NaN,NaN,NaN,NaN,0.0014577259475218659,0.0,0.002320185614849188,0.004087193460490463,0.0022522522522522522,0.0
NaN,NaN,NaN,NaN,NaN,NaN,NaN,NaN,NaN,NaN,NaN,NaN,NaN,NaN,0.004781829049611476,0.012033694344163659,0.0010111223458038423,0.0017441860465116279,0.0007496251874062968
NaN,NaN,NaN,NaN,NaN,NaN,NaN,NaN,NaN,NaN,NaN,NaN,NaN,NaN,NaN,0.0,0.007662835249042145,0.0006329113924050633,0.018838304552590265
NaN,NaN,NaN,NaN,NaN,NaN,NaN,NaN,NaN,NaN,NaN,NaN,NaN,NaN,NaN,NaN,0.0018248175182481751,0.0,0.0
NaN,NaN,NaN,NaN,NaN,NaN,NaN,NaN,NaN,NaN,NaN,NaN,NaN,NaN,NaN,NaN,NaN,0.0,0.0
NaN,NaN,NaN,NaN,NaN,NaN,NaN,NaN,NaN,NaN,NaN,NaN,NaN,NaN,NaN,NaN,NaN,NaN,0.0
