2022-07-09 23:27:21.081814
learning rate: 0.005; prototype update: SDC; use augment: None; metric: dot;
0.6612007405448294,0.3048967551622419,0.011479591836734693,0,0,0,0,0
0.8837721984078383,0.38627431220397057,0.031560935420495595,0,0,0,0
0.6279893711248893,0.40443023521351906,0.0327395281656235,0,0,0
0.6180348787749895,0.010095982936366868,0,0,0
0.7833476472449487,0.3100356116188269,0.022434881804930605,0
0.6164784129350381,0.06069128857967582,0
0.5369563495207161,0
0.5531745637150102
2022-07-10 12:26:05.449942
learning rate: 0.005; prototype update: SDC; use augment: None; metric: dot;
0.6612007405448294,0.1551792044111855,0,0,0,0,0,0
0.8892811691777166,0.03336370645545665,0.00014085498978801326,0,0,0,0
0.7391749935946708,0.0070285044904334236,0,0,0,0
0.6741846323935876,0,0,0,0
0.8030254993432673,0.014014342803963431,0,0
0.6568000487240392,0.00048115477145148355,0
0.5483820295318882,0
0.5157312925170068
