2022-07-09 23:27:21.081477
learning rate: 0.005; prototype update: SDC; use augment: None; metric: dot;
0.6544502617801047,0.27297697020916967,0.014229249011857707,0.0,0.0,0.0,0.0,0.0
0.872481057552797,0.4941343302823256,0.06747967479674796,0.0,0.0,0.0,0.0
0.5487616099071208,0.36187167960768285,0.026069621223738692,0.0,0.0,0.0
0.5608955800038603,0.007213980898191425,0.0,0.0,0.0
0.7523660675523139,0.28446579009526807,0.03421612217282041,0.0
0.5281980742778541,0.06562099871959026,0.0
0.48139204545454545,0.0
0.47857880247763246
2022-07-10 12:26:05.449657
learning rate: 0.005; prototype update: SDC; use augment: None; metric: dot;
0.6544502617801047,0.15251612903225806,0.0,0.0,0.0,0.0,0.0,0.0
0.8827220863895681,0.10927456382001836,0.00047393364928909954,0.0,0.0,0.0,0.0
0.7318619989852867,0.007069913589945012,0.0,0.0,0.0,0.0
0.6323102447117379,0.0,0.0,0.0,0.0
0.7726836921467793,0.01670800156637515,0.0,0.0
0.5889034512887724,0.0005761474937584022,0.0
0.4883200447615051,0.0
0.4698363513120945
