2022-07-12 17:17:31.246331
learning rate: 0.005; prototype update: SDC; use augment: None; metric: dot;
NaN,NaN,NaN,NaN,NaN,NaN,NaN,0.4798691494715652,0.43802621762762445,0.4719851576994434,0.45187345748261165,0.44515466270973636,0.3688617802129639,0.44457831325301206,0.40219538968166846
NaN,NaN,NaN,NaN,NaN,NaN,NaN,0.8111950605248193,0.36671613530525565,0.673219478232379,0.6568000631462625,0.648102151478048,0.6299075494382488,0.6108034291783627
NaN,NaN,NaN,NaN,NaN,NaN,NaN,0.6443330480498838,0.599774011299435,0.6227906976744185,0.5831103499946484,0.6222640621322664,0.595849140816782
NaN,NaN,NaN,NaN,NaN,NaN,NaN,0.501691638472692,0.38129496402877694,0.3767374980028759,0.4592901878914405,0.4465458366167586
NaN,NaN,NaN,NaN,NaN,NaN,NaN,0.5625961395325758,0.48975381008206337,0.34669756662804174,0.5352412259499179
NaN,NaN,NaN,NaN,NaN,NaN,NaN,0.5274609349245072,0.4037647058823529,0.3797079169869331
NaN,NaN,NaN,NaN,NaN,NaN,NaN,0.47157307289850015,0.45661735305877643
NaN,NaN,NaN,NaN,NaN,NaN,NaN,0.32594321275768184
2022-07-12 17:47:08.368495
learning rate: 0.005; prototype update: SDC; use augment: None; metric: dot;
NaN,NaN,NaN,NaN,NaN,NaN,NaN,0.2875576036866359,0.2877732404515974,0.3476630842289428,0.36202945990180035,0.37678958785249456,0.42339097022094135,0.3257303697952053,0.4314144517163082
NaN,NaN,NaN,NaN,NaN,NaN,NaN,0.5379693234214736,0.2952791526957262,0.5747076087432652,0.5016651125616091,0.4138359965553536,0.5950059797774797,0.017307419492126545
NaN,NaN,NaN,NaN,NaN,NaN,NaN,0.5943262411347519,0.570624526463903,0.5950576606260296,0.6309233023937469,0.5549639837143752,0.6677190213101816
NaN,NaN,NaN,NaN,NaN,NaN,NaN,0.2778983933999132,0.21942836468885674,0.21878940731399749,0.2033657264754681,0.010078387458006719
NaN,NaN,NaN,NaN,NaN,NaN,NaN,0.25798566746291873,0.21995286724273372,0.5159860416863152,0.17959609508905283
NaN,NaN,NaN,NaN,NaN,NaN,NaN,0.19465387251542152,0.34670746123357205,0.09785676947203345
NaN,NaN,NaN,NaN,NaN,NaN,NaN,0.3809823677581864,0.24039341262580055
NaN,NaN,NaN,NaN,NaN,NaN,NaN,0.00018982536066818525
