2022-07-12 17:17:31.246094
learning rate: 0.005; prototype update: SDC; use augment: None; metric: dot;
0.4533999048977651,0.3642971104414111,0.4393276536956021,0.3894044856921887,0.38852361028093246,0.300792446467712,0.40478279947345325,0.3412816691505216
NaN,0.796951073509458,0.48081052066559316,0.666693705386113,0.6280473998037588,0.5615300678952473,0.6313996010638298,0.5640720241014503
NaN,NaN,0.6106604866743917,0.5322904131568391,0.565456081081081,0.49717101660887025,0.570565386275356,0.5237347979599843
NaN,NaN,NaN,0.4238810846128716,0.2947872202819816,0.2842676311030741,0.3958190541466758,0.35426507363156434
NaN,NaN,NaN,NaN,0.593799099193464,0.4871723108498927,0.4496543432521791,0.5492063492063493
NaN,NaN,NaN,NaN,NaN,0.5060728744939271,0.4691088026243849,0.3854994324631101
NaN,NaN,NaN,NaN,NaN,NaN,0.4594732370433305,0.4124530482519503
NaN,NaN,NaN,NaN,NaN,NaN,NaN,0.3084770719394194
2022-07-12 17:47:08.350465
learning rate: 0.005; prototype update: SDC; use augment: None; metric: dot;
0.28341552037373474,0.2613438045375218,0.32652582159624416,0.3059192328969205,0.31708652792990144,0.38443087658089836,0.2557536960829142,0.43124165554072097
NaN,0.6237861429350791,0.41402985074626864,0.6108007448789572,0.5415069018404908,0.4907522977419721,0.5294762641898865,0.06072672971627675
NaN,NaN,0.5469973890339426,0.49041860465116277,0.5168860904407556,0.59736355226642,0.4650918635170604,0.6789727126805778
NaN,NaN,NaN,0.2565644417718982,0.17752085467583784,0.19667485358020026,0.1525966326772587,0.02378854625550661
NaN,NaN,NaN,NaN,0.3139959432048682,0.30624263839811544,0.5161320754716981,0.42836829008176325
NaN,NaN,NaN,NaN,NaN,0.2576547970061238,0.35023883113234056,0.20330147697654213
NaN,NaN,NaN,NaN,NaN,NaN,0.33983991012498244,0.33248971844353054
NaN,NaN,NaN,NaN,NaN,NaN,NaN,0.0004885197850512946
