2022-07-10 20:40:19.344986
learning rate: 0.0003; prototype update: SDC; use augment: None; metric: dot;
0,0,0.016949152542372885,0.010282776349614395,0.008547008547008546,0.01951219512195122,0.01941747572815534,0.018209408194233685,0.02127659574468085,0.020895522388059706,0.020527859237536656,0.019971469329529243,0.014104372355430182,0.014064697609001406,0.014025245441795233,0.01383125864453665,0.013793103448275862,0.013568521031207599,0.013404825737265416
0.1,0.062264150943396226,0.059027777777777776,0.042931162102146564,0.02305159165751921,0.020867655134541457,0.01925133689839572,0.016198704103671704,0.011334363730036063,0.01107754279959718,0.011863568956994563,0.011532916866890917,0.010546500479386385,0.009555661729574774,0.00946969696969697,0.008454673555659934,0.009285051067780872,0.008291110087517274
0.041189931350114416,0.0234375,0.01384083044982699,0.005291005291005292,0.0052424639580602875,0.0075282308657465494,0.005121638924455826,0.004932182490752159,0.007194244604316547,0.007001166861143525,0.00462962962962963,0.002333722287047841,0.0046403712296983765,0.002317497103128621,0.0023094688221709002,0.002254791431792559,0.004484304932735426
0.022535211267605635,0.02216748768472906,0.005338078291814947,0.005405405405405406,0.00530035335689046,0.005291005291005291,0.00516795865633075,0.005128205128205127,0.004987531172069826,0.004858299595141701,0.004866180048661801,0.0048582995951417,0.004866180048661801,0.004823151125401929,0.0047281323877068565,0.004680187207488299
0.00974025974025974,0.03278688524590164,0.04152249134948097,0.03146067415730337,0.031425364758698095,0.03131991051454139,0.028729281767955802,0.03459459459459459,0.03586497890295359,0.033578174186778595,0.029136316337148804,0.029197080291970805,0.0346938775510204,0.03441295546558704,0.03212851405622489
0.010542168674698794,0.013533834586466167,0.011808118081180811,0.0103397341211226,0.011291460832745234,0.008356545961002786,0.004087193460490463,0.0027063599458728013,0.0013458950201884255,0.0013468013468013469,0.0013280212483399733,0.001314060446780552,0.0013012361743656475,0.0012953367875647669
0,0.0017241379310344827,0.0017094017094017094,0,0,0,0,0,0,0,0,0,0
0,0,0,0,0,0,0,0,0,0,0,0
0,0.03234880450070324,0.036236933797909404,0.03549488054607508,0.03364737550471063,0.03364737550471063,0.033311125916055964,0.033112582781456956,0.03289473684210526,0.03504218040233614,0.03488372093023256
0.0013458950201884253,0.01455989410986102,0.014397905759162303,0.010165184243964422,0.01010739102969046,0.010043942247332077,0.011257035647279548,0.011124845488257106,0.009828009828009826,0.009726443768996961
0,0.004010695187165776,0.0039447731755424065,0.0038885288399222295,0.0038834951456310682,0.0038885288399222303,0.0038709677419354843,0.0038338658146964857,0.0037998733375554147
0,0.010460251046025104,0.010548523206751054,0.010471204188481678,0.010384215991692628,0.010351966873706004,0.010183299389002037,0.010090817356205853
0,0.009990009990009992,0.00998003992015968,0.00983284169124877,0.009765625,0.007670182166826461,0.007626310772163966
0,0.0012040939193257074,0.0011904761904761904,0.0011750881316098707,0.0011627906976744188,0.0011507479861910242
0,0.0009199632014719411,0.0009086778736937755,0.0009041591320072332,0.0008948545861297539
0,0.007383966244725737,0.006233766233766234,0.006201550387596899
0,0.005528680027643401,0.005494505494505494
0,0.011351909184726523
0
