2022-07-10 20:40:19.344355
learning rate: 0.0003; prototype update: SDC; use augment: None; metric: dot;
0.0,0.0,0.01,0.005970149253731343,0.004830917874396135,0.0106951871657754,0.010638297872340425,0.009917355371900827,0.011589403973509934,0.011363636363636364,0.011146496815286623,0.010819165378670788,0.007633587786259542,0.0076103500761035,0.007587253414264037,0.007473841554559043,0.007451564828614009,0.007320644216691069,0.0072254335260115606
0.0684931506849315,0.036748329621380846,0.03434343434343434,0.024390243902439025,0.012650602409638554,0.011452682338758288,0.01053864168618267,0.008870490833826138,0.006183249016301293,0.006030701754385965,0.006448146157979581,0.006253256904637832,0.005717255717255718,0.005178663904712584,0.005128205128205128,0.004573170731707317,0.0050200803212851405,0.004479840716774514
0.02608695652173913,0.014150943396226415,0.008113590263691683,0.0029940119760479044,0.0029717682020802376,0.004261363636363636,0.002894356005788712,0.002777777777777778,0.004010695187165776,0.003926701570680628,0.0025806451612903226,0.0012970168612191958,0.0025806451612903226,0.0012919896640826874,0.0012836970474967907,0.0012515644555694619,0.0024937655860349127
0.013289036544850499,0.01276595744680851,0.002952755905511811,0.0029940119760479044,0.0029296875,0.0029239766081871343,0.002849002849002849,0.002824858757062147,0.002737226277372263,0.0026619343389529724,0.0026642984014209592,0.0026595744680851063,0.0026666666666666666,0.002640845070422535,0.002583979328165375,0.002553191489361702
0.00546448087431694,0.017789072426937738,0.0225,0.01701093560145808,0.01699029126213592,0.016928657799274487,0.015513126491646777,0.018648018648018648,0.019296254256526674,0.01805869074492099,0.015659955257270694,0.01569506726457399,0.018619934282584884,0.01843817787418655,0.017222820236813777
0.005794701986754967,0.00743801652892562,0.006472491909385114,0.0056772100567721,0.006158583525789068,0.0045627376425855515,0.0022271714922048997,0.0014727540500736377,0.0007320644216691069,0.0007336757153338225,0.0007220216606498195,0.0007132667617689016,0.0007062146892655367,0.0007032348804500703
0.0,0.000945179584120983,0.0009363295880149813,0.0,0.0,0.0,0.0,0.0,0.0,0.0,0.0,0.0,0.0
0.0,0.0,0.0,0.0,0.0,0.0,0.0,0.0,0.0,0.0,0.0,0.0
0.0,0.017450682852807285,0.019534184823441023,0.019103600293901544,0.01808972503617945,0.01808972503617945,0.01789549033643522,0.017780938833570414,0.01765536723163842,0.018789144050104383,0.018698060941828253
0.0007462686567164179,0.00805860805860806,0.007947976878612716,0.0056022408963585435,0.005563282336578581,0.0055248618784530384,0.006185567010309278,0.006109979633401222,0.005398110661268556,0.005329780146568954
0.0,0.0022123893805309734,0.002172338884866039,0.0021382751247327157,0.002135231316725979,0.002136752136752137,0.002127659574468085,0.002105263157894737,0.0020833333333333333
0.0,0.005688282138794084,0.005733944954128441,0.0056947608200455585,0.0056433408577878106,0.00562429696287964,0.0055248618784530384,0.005470459518599562
0.0,0.005500550055005501,0.005488474204171241,0.005405405405405406,0.00536480686695279,0.004206098843322818,0.0041797283176593526
0.0,0.0006640106241699867,0.0006561679790026247,0.000646830530401035,0.0006385696040868455,0.0006337135614702154
0.0,0.0005083884087442806,0.0005017561465127947,0.000499001996007984,0.000493339911198816
0.0,0.0040887850467289715,0.0034462952326249283,0.0034266133637921186
0.0,0.0030349013657056147,0.0030120481927710845
0.0,0.0061693774537296695
0.0
