2022-07-13 00:23:43.857102
learning rate: 2e-05; prototype update: SDC; use augment: None; metric: dot;
NaN,NaN,NaN,NaN,NaN,NaN,NaN,NaN,NaN,NaN,NaN,NaN,NaN,NaN,NaN,NaN,NaN,NaN,0.009009009009009009,0,0.00432900432900433,0,0,0,0,0,0,0,0,0,0,0,0,0,0,0,0
NaN,NaN,NaN,NaN,NaN,NaN,NaN,NaN,NaN,NaN,NaN,NaN,NaN,NaN,NaN,NaN,NaN,NaN,0.02578268876611418,0.017686072218128224,0.011088011088011088,0.0099009900990099,0.006811989100817439,0.005767844268204758,0.00293470286133529,0.003132341425215348,0.0016168148746968471,0,0,0,0,0,0,0,0,0
NaN,NaN,NaN,NaN,NaN,NaN,NaN,NaN,NaN,NaN,NaN,NaN,NaN,NaN,NaN,NaN,NaN,NaN,0.026711185308848077,0.016666666666666663,0.020373514431239387,0.010291595197255574,0.010526315789473686,0.010733452593917711,0.01119402985074627,0.011695906432748539,0.02040816326530612,0.01829268292682927,0.006944444444444445,0.007782101167315176,0,0,0,0,0
NaN,NaN,NaN,NaN,NaN,NaN,NaN,NaN,NaN,NaN,NaN,NaN,NaN,NaN,NaN,NaN,NaN,NaN,0.05164319248826291,0.05667060212514757,0.020809248554913295,0.02216748768472906,0.022332506203473945,0.021052631578947368,0.016216216216216217,0.01088929219600726,0.008350730688935283,0.013761467889908256,0.010554089709762533,0,0,0,0,0
NaN,NaN,NaN,NaN,NaN,NaN,NaN,NaN,NaN,NaN,NaN,NaN,NaN,NaN,NaN,NaN,NaN,NaN,0,0,0,0,0,0,0,0,0,0,0,0,0,0,0
NaN,NaN,NaN,NaN,NaN,NaN,NaN,NaN,NaN,NaN,NaN,NaN,NaN,NaN,NaN,NaN,NaN,NaN,0.04809619238476954,0.05274261603375527,0.055842812823164424,0.058165548098434,0.05688282138794084,0.06442166910688141,0.053859964093357277,0.05118110236220473,0.0588235294117647,0.044554455445544545,0.01669449081803005,0.018518518518518517,0.0058823529411764705,0
NaN,NaN,NaN,NaN,NaN,NaN,NaN,NaN,NaN,NaN,NaN,NaN,NaN,NaN,NaN,NaN,NaN,NaN,0,0,0,0,0,0,0,0,0,0,0,0,0
NaN,NaN,NaN,NaN,NaN,NaN,NaN,NaN,NaN,NaN,NaN,NaN,NaN,NaN,NaN,NaN,NaN,NaN,0.007561436672967863,0.008032128514056224,0.008097165991902834,0.005,0.005882352941176471,0.006329113924050633,0,0,0,0,0,0
NaN,NaN,NaN,NaN,NaN,NaN,NaN,NaN,NaN,NaN,NaN,NaN,NaN,NaN,NaN,NaN,NaN,NaN,0,0,0,0,0,0,0,0,0,0,0
NaN,NaN,NaN,NaN,NaN,NaN,NaN,NaN,NaN,NaN,NaN,NaN,NaN,NaN,NaN,NaN,NaN,NaN,0.01288936627282492,0.014430014430014432,0.014084507042253521,0.015503875968992248,0.013215859030837003,0.010362694300518135,0,0,0,0
NaN,NaN,NaN,NaN,NaN,NaN,NaN,NaN,NaN,NaN,NaN,NaN,NaN,NaN,NaN,NaN,NaN,NaN,0.006024096385542168,0.0073937153419593345,0,0,0,0,0,0,0
NaN,NaN,NaN,NaN,NaN,NaN,NaN,NaN,NaN,NaN,NaN,NaN,NaN,NaN,NaN,NaN,NaN,NaN,0.024024024024024024,0.013513513513513513,0.016129032258064516,0.01904761904761905,0.006097560975609756,0.006825938566552901,0.010989010989010992,0.012578616352201257
NaN,NaN,NaN,NaN,NaN,NaN,NaN,NaN,NaN,NaN,NaN,NaN,NaN,NaN,NaN,NaN,NaN,NaN,0,0,0,0,0,0,0
NaN,NaN,NaN,NaN,NaN,NaN,NaN,NaN,NaN,NaN,NaN,NaN,NaN,NaN,NaN,NaN,NaN,NaN,0.007462686567164179,0.008213552361396302,0.002945508100147275,0.0032626427406199023,0.004889975550122249,0
NaN,NaN,NaN,NaN,NaN,NaN,NaN,NaN,NaN,NaN,NaN,NaN,NaN,NaN,NaN,NaN,NaN,NaN,0.008247422680412371,0.0028943560057887122,0,0,0
NaN,NaN,NaN,NaN,NaN,NaN,NaN,NaN,NaN,NaN,NaN,NaN,NaN,NaN,NaN,NaN,NaN,NaN,0.01749271137026239,0.026666666666666665,0.025773195876288662,0.0243161094224924
NaN,NaN,NaN,NaN,NaN,NaN,NaN,NaN,NaN,NaN,NaN,NaN,NaN,NaN,NaN,NaN,NaN,NaN,0,0,0
NaN,NaN,NaN,NaN,NaN,NaN,NaN,NaN,NaN,NaN,NaN,NaN,NaN,NaN,NaN,NaN,NaN,NaN,0.005714285714285713,0.006944444444444445
NaN,NaN,NaN,NaN,NaN,NaN,NaN,NaN,NaN,NaN,NaN,NaN,NaN,NaN,NaN,NaN,NaN,NaN,0
