2022-07-13 00:23:43.856087
learning rate: 2e-05; prototype update: SDC; use augment: None; metric: dot;
0.005952380952380952,0.0,0.0024509803921568627,0.0,0.0,0.0,0.0,0.0,0.0,0.0,0.0,0.0,0.0,0.0,0.0,0.0,0.0,0.0,0.0
NaN,0.015151515151515152,0.0100418410041841,0.00624512099921936,0.005591054313099041,0.0038255547054322878,0.0032626427406199023,0.0016652789342214821,0.0017937219730941704,0.0009302325581395349,0.0,0.0,0.0,0.0,0.0,0.0,0.0,0.0,0.0
NaN,NaN,0.01568627450980392,0.009746588693957114,0.01195219123505976,0.006048387096774193,0.006289308176100629,0.006355932203389831,0.0066815144766146995,0.006993006993006993,0.013245033112582781,0.012711864406779662,0.004975124378109453,0.005988023952095809,0.0,0.0,0.0,0.0,0.0
NaN,NaN,NaN,0.029490616621983913,0.032432432432432434,0.011889035667107,0.01278409090909091,0.012875536480686695,0.01225114854517611,0.00949367088607595,0.006772009029345372,0.005376344086021506,0.009146341463414634,0.007352941176470588,0.0,0.0,0.0,0.0,0.0
NaN,NaN,NaN,NaN,0.0,0.0,0.0,0.0,0.0,0.0,0.0,0.0,0.0,0.0,0.0,0.0,0.0,0.0,0.0
NaN,NaN,NaN,NaN,NaN,0.027366020524515394,0.03026634382566586,0.03195266272189349,0.03354838709677419,0.032981530343007916,0.03907637655417407,0.034482758620689655,0.03359173126614987,0.040498442367601244,0.03180212014134275,0.010438413361169102,0.011933174224343675,0.0045662100456621,0.0
NaN,NaN,NaN,NaN,NaN,NaN,0.0,0.0,0.0,0.0,0.0,0.0,0.0,0.0,0.0,0.0,0.0,0.0,0.0
NaN,NaN,NaN,NaN,NaN,NaN,NaN,0.004301075268817204,0.004608294930875576,0.004651162790697674,0.002976190476190476,0.0036231884057971015,0.003968253968253968,0.0,0.0,0.0,0.0,0.0,0.0
NaN,NaN,NaN,NaN,NaN,NaN,NaN,NaN,0.0,0.0,0.0,0.0,0.0,0.0,0.0,0.0,0.0,0.0,0.0
NaN,NaN,NaN,NaN,NaN,NaN,NaN,NaN,NaN,0.007633587786259542,0.009140767824497258,0.009478672985781991,0.010810810810810811,0.009708737864077669,0.008333333333333333,0.0,0.0,0.0,0.0
NaN,NaN,NaN,NaN,NaN,NaN,NaN,NaN,NaN,NaN,0.003816793893129771,0.004987531172069825,0.0,0.0,0.0,0.0,0.0,0.0,0.0
NaN,NaN,NaN,NaN,NaN,NaN,NaN,NaN,NaN,NaN,NaN,0.015625,0.0091324200913242,0.011695906432748537,0.015037593984962405,0.00398406374501992,0.004629629629629629,0.009523809523809525,0.011904761904761904
NaN,NaN,NaN,NaN,NaN,NaN,NaN,NaN,NaN,NaN,NaN,NaN,0.0,0.0,0.0,0.0,0.0,0.0,0.0
NaN,NaN,NaN,NaN,NaN,NaN,NaN,NaN,NaN,NaN,NaN,NaN,NaN,0.005263157894736842,0.006042296072507553,0.0019083969465648854,0.002197802197802198,0.00392156862745098,0.0
NaN,NaN,NaN,NaN,NaN,NaN,NaN,NaN,NaN,NaN,NaN,NaN,NaN,NaN,0.007220216606498195,0.002070393374741201,0.0,0.0,0.0
NaN,NaN,NaN,NaN,NaN,NaN,NaN,NaN,NaN,NaN,NaN,NaN,NaN,NaN,NaN,0.011928429423459244,0.019230769230769232,0.024390243902439025,0.027586206896551724
NaN,NaN,NaN,NaN,NaN,NaN,NaN,NaN,NaN,NaN,NaN,NaN,NaN,NaN,NaN,NaN,0.0,0.0,0.0
NaN,NaN,NaN,NaN,NaN,NaN,NaN,NaN,NaN,NaN,NaN,NaN,NaN,NaN,NaN,NaN,NaN,0.00510204081632653,0.007518796992481203
NaN,NaN,NaN,NaN,NaN,NaN,NaN,NaN,NaN,NaN,NaN,NaN,NaN,NaN,NaN,NaN,NaN,NaN,0.0
