2022-05-08 00:16:12.633375
0.619390032234069,0.11905266878755746,0.13306242026177764,0.13064741499767116,0.05769105266592704,0.14647952405706696,0.1276966912833634,0.1336812763181306
0.8146976646106806,0.2712991108207153,0.42711254944264654,0.4301561216105177,0.43010603645436274,0.36479610648182287,0.3309831430514298
0.17930842163971,0.1677514290565397,0.14574845577605466,0.16072842438638163,0.1543778801843318,0.14427282289763604
0.298535138142036,0.18174030106474118,0.22620854107955776,0.16928495555431322,0.14326170248209227
0.6457840819542947,0.495891635438512,0.37967319087807505,0.3648653507352677
0.4077339946725453,0.29046634504939123,0.2712415349887133
0.4040379762047831,0.3335574229691876
0.44156669579725116
2022-05-08 18:12:16.819971
0.6152866242038215,0.358099161394733,0.34576172443926595,0.2820863449892557,0.2414619198841161,0.273303277689777,0.2496535935899753,0.2272815471185564
0.8794451172520094,0.5967911114564314,0.5732640892479323,0.5428184077728402,0.5357978295049277,0.529238271265091,0.43294814327425263
0.7457586902360896,0.3634410142539933,0.25926993829652273,0.2651635253361517,0.2774269005847953,0.24975533372479936
0.6152428347617731,0.40125084309277087,0.4096852906212851,0.3536528617961843,0.29001401328215437
0.7265609234370586,0.6064152424447854,0.6072096704561807,0.5220545977011494
0.5628724216959511,0.4673018824076226,0.3703493056542964
0.4725778598225451,0.41574803149606293
0.49949630624580255
2022-05-09 13:13:07.424282
0.6088287828527684,0.3160152845746464,0.3130328036554593,0.25630900228296416,0.22341799397331039,0.25655496766607877,0.22295337943341512,0.21689212231442537
0.8751995595926232,0.570854869296843,0.5525268677252612,0.5235450910706353,0.51521967311441,0.49286669638876496,0.3991652437867578
0.7352802637776732,0.33683921083384893,0.2444829320073747,0.25297871138968886,0.25647174232928227,0.23741324226065882
0.5967492962862072,0.39034424345090446,0.3886375972498643,0.32785117282286336,0.289179598538213
0.7115154417045727,0.5819214911824828,0.568705704259272,0.501785654684423
0.5435876987489409,0.4305051756170928,0.35756554792449574
0.44251950435979814,0.38774078670479684
0.475351274112884
