2022-05-08 00:16:12.633161
0.5777058279370952,0.08093819090646928,0.08082199644107686,0.08351942831621259,0.03816596148864519,0.09343452951145825,0.08160535117056857,0.08590593795258784
0.748958030435204,0.17999849215922797,0.31152958455728075,0.33257099294835146,0.3085413145073083,0.2676513552994644,0.23896640826873386
0.1092794017675051,0.10735240854762768,0.09767482825435969,0.10283687943262411,0.0992886781268524,0.09176702584689063
0.20199063231850117,0.12253486261242677,0.1466722889872795,0.11080210772833723,0.09357319019294937
0.5546906728035739,0.39023862345111193,0.3066303149834677,0.2948799907014587
0.30590586451657364,0.2179699351813543,0.2017867938469806
0.3040057871416946,0.24268362272764327
0.33311357506742584
2022-05-08 18:12:16.819811
0.5878773125608568,0.2470564352415753,0.23763763763763765,0.18648299612569952,0.15253044273949462,0.1770044191919192,0.16115734619273547,0.14992746821401143
0.8384591161960743,0.4481068782451432,0.4316667632234517,0.40411573399125267,0.4004126783974322,0.3997029997029997,0.3362503992334717
0.6884994523548741,0.251262751312271,0.16680270089782592,0.17148932938406622,0.1792082200060441,0.16697199685946087
0.503621001810501,0.2707264603673672,0.2784013605442177,0.2344051199013031,0.19524200164068908
0.6351704184602357,0.4878020779518971,0.49092495636998257,0.42166647325055123
0.4466537342386033,0.35272242492281786,0.28237930037583114
0.35396966993755574,0.30825116761805915
0.38800130420606455
2022-05-09 13:13:07.424136
0.58251953125,0.210917225950783,0.21014559106308947,0.16662655435218612,0.13987333243498182,0.16445583358456436,0.1408738548273432,0.13774184233323708
0.8344530757925677,0.4196140600229596,0.4091534945200198,0.38656243166411547,0.3808046104399867,0.3620237965287632,0.2972927146329057
0.6745894554883319,0.22933632874660675,0.15589597434983968,0.16179126038280967,0.1624439074905074,0.15080475857242828
0.48394698085419735,0.26214854542499594,0.2607217996439553,0.21226085742214776,0.18624641833810887
0.6167681239623686,0.45998794982746344,0.44772481040086676,0.3883750968741927
0.426015625,0.31714788502900343,0.2605110775427996
0.32551270149379696,0.27745173745173746
0.3584555522298713
2022-05-14 00:24:59.240892
0.22199613388951064,0.22525561294402868,0.2344492321290465,0.1649808429118774,0.08779516358463726,0.09309960719939028,0.07824477927570711,0.07777835778044578
0.6633239050312848,0.6816179062389849,0.41252532475271125,0.1802911958747251,0.14560471518864632,0.13746708509180103,0.13836176719849663
0.23161428135489778,0.18555675317137882,0.10471063257065949,0.12074548939263763,0.1137762955361724,0.1034945377882834
0.20488990563340007,0.1195640559888877,0.11449267527974485,0.09723324077746925,0.09630487313733387
0.24289668647724497,0.2221335992023928,0.20316720316720316,0.20540965796276178
0.15801228364042436,0.12876134015988502,0.12927355330182186
0.12339700952482308,0.11456829724672547
0.13529320024953212
